0.00031512369855500057
-2.258910613314449e-05
0.09922921499605912
9.128084730543864e-05
0.0968945215151325
0.0005954130366915646
0.06572032614866606
0.023546032962088986
0.008604102104243672
0.011423854013045635
0.0444755369520502
0.07874669015671097
0.08755174666948401
0.05887721921108733
0.018821583034732206
0.061789954091276134
0.021417492712894583
0.08275407020314363
0.06224461651801634
0.028075355229513432
0.08192643602044752
0.02730821909286375
0.05413145045630217
0.06599279073389615
0.020826051768402996
0.019291679278249416
0.022588632669699238
0.048970086166626216
0.018723474364566
0.08131195409249714
0.04004670519584401
0.053507280368341785
0.059477499989967396
0.0633606866952529
0.07121059069522309
0.07893865224935386
0.04487656558005655
0.037193301199014685
0.006796911171082866
0.024776889508026714
0.0651751797500609
0.09817709259308907
0.031673245652170945
0.07106938896114051
0.049795494457613575
0.05445308046063865
0.0860335127015247
0.008487464055463917
0.04504340779370016
0.034055089488074126
0.09996631152598964
0.024987360855185842
0.09431138149126927
0.05259571519421087
0.09252664384600992
0.08017637601937401
0.07716838946617288
0.06659425626426475
0.08363602735720745
0.021474407596480064
0.008041507946551988
0.026316139464147834
0.0949635050230202
0.00578599968112337
0.07931340610105002
0.031721710506952286
0.03316653115043053
0.047231583628907746
0.0920726087043648
0.060997831214484245
0.09789791150196347
0.08324077931150772
0.046091816210044316
0.04199102160819372
0.03951432012646555
0.08473931708401783
0.009693556256568845
0.03085453481406538
0.008273732541361153
0.0010609403567411247
0.013017126420237203
0.06557818989828215
0.07661063831938937
0.061231708704284536
0.05150047309447387
0.02790567927029843
0.09832575664897228
0.013428863075266776
0.08605988727542052
0.08446627969958807
0.0928583543684592
0.0943583286927228
0.09868960950627681
0.04540681694933864
0.0626051212974792
0.028172946541194607
0.04719573669469769
0.0924714018296053
0.07434737993356588
0.024831308508241435
0.0763430651824893
0.06240419024661695
0.023032235067499376
0.08346206693069724
0.016180094895690215
0.052174082636974844
3.6103e-12